[gd_resource type="SkeletonProfile" format=3]

[resource]
root_bone = &"mixamorig_Hips"
bone_size = 65
bones/0/bone_name = &"mixamorig_Hips"
bones/0/bone_parent = &""
bones/0/tail_direction = 0
bones/0/reference_pose = Transform3D(1, -8.726646e-05, -3.4906584e-06, 8.726646e-05, 1, -3.0461741e-10, 3.4906584e-06, 0, 1, -6.757012e-08, 0.9979194, 4.84474e-07)
bones/0/handle_offset = Vector2(0, 0)
bones/0/group = &""
bones/0/require = false
bones/1/bone_name = &"mixamorig_Spine"
bones/1/bone_parent = &"mixamorig_Hips"
bones/1/tail_direction = 0
bones/1/reference_pose = Transform3D(1, -1.221612e-05, -7.432597e-07, 1.221612e-05, 0.9926237, 0.12123627, -7.432597e-07, -0.12123627, 0.9926237, 8.597856e-06, 0.09923462, -0.012273349)
bones/1/handle_offset = Vector2(0, 0)
bones/1/group = &""
bones/1/require = false
bones/2/bone_name = &"mixamorig_Spine1"
bones/2/bone_parent = &"mixamorig_Spine"
bones/2/tail_direction = 0
bones/2/reference_pose = Transform3D(1, 1.8632143e-05, -7.3072455e-09, -1.8632143e-05, 0.99999994, -0.0003921849, 0, 0.0003921849, 0.99999994, 0, 0.11731978, 2.7755576e-17)
bones/2/handle_offset = Vector2(0, 0)
bones/2/group = &""
bones/2/require = false
bones/3/bone_name = &"mixamorig_Spine2"
bones/3/bone_parent = &"mixamorig_Spine1"
bones/3/tail_direction = 0
bones/3/reference_pose = Transform3D(1, -6.3056277e-06, 4.763495e-06, 6.8125264e-06, 0.9933387, -0.11523108, -4.005159e-06, 0.11523108, 0.9933387, 1.931492e-13, 0.13458836, 6.3143935e-15)
bones/3/handle_offset = Vector2(0, 0)
bones/3/group = &""
bones/3/require = false
bones/4/bone_name = &"mixamorig_Neck"
bones/4/bone_parent = &"mixamorig_Spine2"
bones/4/tail_direction = 0
bones/4/reference_pose = Transform3D(1, 2.683176e-20, 2.4176726e-22, -2.6829963e-20, 0.999984, -0.005655389, -3.9350745e-22, 0.005655389, 0.999984, 2.548123e-07, 0.15027761, 0.0087790685)
bones/4/handle_offset = Vector2(0, 0)
bones/4/group = &""
bones/4/require = false
bones/5/bone_name = &"mixamorig_Head"
bones/5/bone_parent = &"mixamorig_Neck"
bones/5/tail_direction = 0
bones/5/reference_pose = Transform3D(1, -6.7762636e-21, -5.293956e-23, 6.7762636e-21, 1, 1.6543612e-24, 5.293956e-23, -1.6543612e-24, 1, 2.5625488e-08, 0.103218384, 0.031424288)
bones/5/handle_offset = Vector2(0, 0)
bones/5/group = &""
bones/5/require = false
bones/6/bone_name = &"mixamorig_HeadTop_End"
bones/6/bone_parent = &"mixamorig_Head"
bones/6/tail_direction = 0
bones/6/reference_pose = Transform3D(1, 0, 0, 0, 1, -1.3877788e-17, 0, 1.3877788e-17, 1, 1.5451594e-06, 0.1847467, 0.066364)
bones/6/handle_offset = Vector2(0, 0)
bones/6/group = &""
bones/6/require = false
bones/7/bone_name = &"mixamorig_LeftShoulder"
bones/7/bone_parent = &"mixamorig_Spine2"
bones/7/tail_direction = 0
bones/7/reference_pose = Transform3D(-0.20122981, 0.97931886, -0.021009147, 0.009768218, -0.019440651, -0.99976337, -0.97949547, -0.20138726, -0.005654335, 0.061058246, 0.09106292, 0.007570625)
bones/7/handle_offset = Vector2(0, 0)
bones/7/group = &""
bones/7/require = false
bones/8/bone_name = &"mixamorig_LeftArm"
bones/8/bone_parent = &"mixamorig_LeftShoulder"
bones/8/tail_direction = 0
bones/8/reference_pose = Transform3D(0.9795348, -0.2012304, -0.0042288313, 0.20127484, 0.97931856, 0.02058028, -5.355105e-09, -0.021010257, 0.9997793, 7.632783e-17, 0.12922287, 4.440892e-16)
bones/8/handle_offset = Vector2(0, 0)
bones/8/group = &""
bones/8/require = false
bones/9/bone_name = &"mixamorig_LeftForeArm"
bones/9/bone_parent = &"mixamorig_LeftArm"
bones/9/tail_direction = 0
bones/9/reference_pose = Transform3D(1, 0, 0, 0, 1, 6.7762636e-21, 0, -6.7762636e-21, 1, 1.3859948e-07, 0.2740468, -4.440892e-16)
bones/9/handle_offset = Vector2(0, 0)
bones/9/group = &""
bones/9/require = false
bones/10/bone_name = &"mixamorig_LeftHand"
bones/10/bone_parent = &"mixamorig_LeftForeArm"
bones/10/tail_direction = 0
bones/10/reference_pose = Transform3D(1, -2.646978e-23, 3.2311743e-27, 2.646978e-23, 1, 6.7762636e-21, -3.2311743e-27, -6.7762636e-21, 1, 1.1425444e-08, 0.27614462, 2.3361073e-09)
bones/10/handle_offset = Vector2(0, 0)
bones/10/group = &""
bones/10/require = false
bones/11/bone_name = &"mixamorig_LeftHandThumb1"
bones/11/bone_parent = &"mixamorig_LeftHand"
bones/11/tail_direction = 0
bones/11/reference_pose = Transform3D(0.89442813, -0.44721165, -1.2665987e-07, 0.38729683, 0.774598, -0.49999908, 0.22360551, 0.4472132, 0.8660259, -0.03002973, 0.037888106, 0.02167149)
bones/11/handle_offset = Vector2(0, 0)
bones/11/group = &""
bones/11/require = false
bones/12/bone_name = &"mixamorig_LeftHandThumb2"
bones/12/bone_parent = &"mixamorig_LeftHandThumb1"
bones/12/tail_direction = 0
bones/12/reference_pose = Transform3D(1, -1.6065766e-06, 2.2318907e-11, 1.6065766e-06, 1, -1.3892141e-05, -1.179612e-16, 1.3892141e-05, 1, 5.7245875e-17, 0.047449704, 1.110223e-15)
bones/12/handle_offset = Vector2(0, 0)
bones/12/group = &""
bones/12/require = false
bones/13/bone_name = &"mixamorig_LeftHandThumb3"
bones/13/bone_parent = &"mixamorig_LeftHandThumb2"
bones/13/tail_direction = 0
bones/13/reference_pose = Transform3D(1, -5.551115e-17, 1.09318496e-16, 5.551115e-17, 1, 1.04934677e-16, -1.09318496e-16, -1.04934677e-16, 1, -5.946632e-15, 0.043821286, 5.0848215e-14)
bones/13/handle_offset = Vector2(0, 0)
bones/13/group = &""
bones/13/require = false
bones/14/bone_name = &"mixamorig_LeftHandThumb4"
bones/14/bone_parent = &"mixamorig_LeftHandThumb3"
bones/14/tail_direction = 0
bones/14/reference_pose = Transform3D(0.9580416, -0.14032044, 0.24993293, 0.14491718, 0.9894438, 1.0052696e-05, -0.24729599, 0.03620995, 0.96826315, -5.1284655e-08, 0.034590777, 4.0346344e-09)
bones/14/handle_offset = Vector2(0, 0)
bones/14/group = &""
bones/14/require = false
bones/15/bone_name = &"mixamorig_LeftHandIndex1"
bones/15/bone_parent = &"mixamorig_LeftHand"
bones/15/tail_direction = 0
bones/15/reference_pose = Transform3D(1, -9.2358905e-06, 5.345158e-09, 9.2358905e-06, 1, -1.1135758e-06, -5.334873e-09, 1.1135758e-06, 1, -0.028220378, 0.12266619, 0.0023182519)
bones/15/handle_offset = Vector2(0, 0)
bones/15/group = &""
bones/15/require = false
bones/16/bone_name = &"mixamorig_LeftHandIndex2"
bones/16/bone_parent = &"mixamorig_LeftHandIndex1"
bones/16/tail_direction = 0
bones/16/reference_pose = Transform3D(1, 1.2428641e-05, -5.679154e-16, -1.2428641e-05, 1, -5.9799374e-11, -1.7530952e-16, 5.9799374e-11, 1, 0, 0.038919676, 5.491163e-13)
bones/16/handle_offset = Vector2(0, 0)
bones/16/group = &""
bones/16/require = false
bones/17/bone_name = &"mixamorig_LeftHandIndex3"
bones/17/bone_parent = &"mixamorig_LeftHandIndex2"
bones/17/tail_direction = 0
bones/17/reference_pose = Transform3D(1, -2.1175824e-22, -4.135903e-25, 2.1175824e-22, 1, 3.155444e-30, 4.135903e-25, -3.155444e-30, 1, 4.0712572e-13, 0.03415161, -1.5618618e-12)
bones/17/handle_offset = Vector2(0, 0)
bones/17/group = &""
bones/17/require = false
bones/18/bone_name = &"mixamorig_LeftHandIndex4"
bones/18/bone_parent = &"mixamorig_LeftHandIndex3"
bones/18/tail_direction = 0
bones/18/reference_pose = Transform3D(0.999968, -4.555048e-05, 0.008003142, 4.5567114e-05, 1, -1.8963921e-06, -0.008003142, 2.2610113e-06, 0.999968, 5.8547225e-09, 0.030779876, 1.6270026e-16)
bones/18/handle_offset = Vector2(0, 0)
bones/18/group = &""
bones/18/require = false
bones/19/bone_name = &"mixamorig_LeftHandMiddle1"
bones/19/bone_parent = &"mixamorig_LeftHand"
bones/19/tail_direction = 0
bones/19/reference_pose = Transform3D(1, 8.95483e-08, 7.8615395e-12, -8.95483e-08, 1, -1.11359e-06, -7.96126e-12, 1.11359e-06, 1, -1.18843445e-07, 0.12775528, -1.0320899e-08)
bones/19/handle_offset = Vector2(0, 0)
bones/19/group = &""
bones/19/require = false
bones/20/bone_name = &"mixamorig_LeftHandMiddle2"
bones/20/bone_parent = &"mixamorig_LeftHandMiddle1"
bones/20/tail_direction = 0
bones/20/reference_pose = Transform3D(1, 0, 1.6155871e-27, 0, 1, -6.7762636e-21, -1.6155871e-27, 6.7762636e-21, 1, 3.1238623e-12, 0.03613968, 0)
bones/20/handle_offset = Vector2(0, 0)
bones/20/group = &""
bones/20/require = false
bones/21/bone_name = &"mixamorig_LeftHandMiddle3"
bones/21/bone_parent = &"mixamorig_LeftHandMiddle2"
bones/21/tail_direction = 0
bones/21/reference_pose = Transform3D(1, -2.646978e-23, -1.6155871e-27, 2.646978e-23, 1, 6.7762636e-21, 1.6155871e-27, -6.7762636e-21, 1, 2.8508796e-07, 0.034597624, -2.4424907e-15)
bones/21/handle_offset = Vector2(0, 0)
bones/21/group = &""
bones/21/require = false
bones/22/bone_name = &"mixamorig_LeftHandMiddle4"
bones/22/bone_parent = &"mixamorig_LeftHandMiddle3"
bones/22/tail_direction = 0
bones/22/reference_pose = Transform3D(0.9999572, 0.001308262, 0.009158752, -0.0013082864, 0.99999917, -3.3257809e-06, -0.009158748, -8.656632e-06, 0.99995804, -3.047389e-07, 0.036801912, -5.584387e-16)
bones/22/handle_offset = Vector2(0, 0)
bones/22/group = &""
bones/22/require = false
bones/23/bone_name = &"mixamorig_LeftHandRing1"
bones/23/bone_parent = &"mixamorig_LeftHand"
bones/23/tail_direction = 0
bones/23/reference_pose = Transform3D(1, -9.0490685e-06, 5.34495e-09, 9.0490685e-06, 1, -1.1135755e-06, -5.3348734e-09, 1.1135755e-06, 1, 0.022166368, 0.121470094, -9.996238e-05)
bones/23/handle_offset = Vector2(0, 0)
bones/23/group = &""
bones/23/require = false
bones/24/bone_name = &"mixamorig_LeftHandRing2"
bones/24/bone_parent = &"mixamorig_LeftHandRing1"
bones/24/tail_direction = 0
bones/24/reference_pose = Transform3D(1, 1.614219e-05, 7.447415e-11, -1.614219e-05, 1, 4.613619e-06, -2.3245295e-16, -4.613619e-06, 1, -5.551115e-17, 0.036011886, 5.186962e-13)
bones/24/handle_offset = Vector2(0, 0)
bones/24/group = &""
bones/24/require = false
bones/25/bone_name = &"mixamorig_LeftHandRing3"
bones/25/bone_parent = &"mixamorig_LeftHandRing2"
bones/25/tail_direction = 0
bones/25/reference_pose = Transform3D(1, 4.2351647e-22, -4.135903e-25, -4.2351647e-22, 1, -1.3552527e-20, 4.135903e-25, 1.3552527e-20, 1, -7.119305e-15, 0.03307312, -6.461498e-13)
bones/25/handle_offset = Vector2(0, 0)
bones/25/group = &""
bones/25/require = false
bones/26/bone_name = &"mixamorig_LeftHandRing4"
bones/26/bone_parent = &"mixamorig_LeftHandRing3"
bones/26/tail_direction = 0
bones/26/reference_pose = Transform3D(0.9998894, -0.0015413619, 0.014792553, 0.0015416129, 0.9999988, -5.5697146e-06, -0.014792527, 2.837349e-05, 0.99989057, -2.4172633e-07, 0.036601182, 1.6886514e-07)
bones/26/handle_offset = Vector2(0, 0)
bones/26/group = &""
bones/26/require = false
bones/27/bone_name = &"mixamorig_LeftHandPinky1"
bones/27/bone_parent = &"mixamorig_LeftHand"
bones/27/tail_direction = 0
bones/27/reference_pose = Transform3D(0.99999994, -0.0002815971, 6.941166e-09, 0.0002815971, 0.99999994, -5.7042225e-06, -5.334873e-09, 5.7042243e-06, 1, 0.04725837, 0.10908192, 0.0022613215)
bones/27/handle_offset = Vector2(0, 0)
bones/27/group = &""
bones/27/require = false
bones/28/bone_name = &"mixamorig_LeftHandPinky2"
bones/28/bone_parent = &"mixamorig_LeftHandPinky1"
bones/28/tail_direction = 0
bones/28/reference_pose = Transform3D(0.9999997, 0.0007357678, 8.762241e-09, -0.0007357678, 0.9999997, 1.1908971e-05, 0, -1.1908975e-05, 1, -9.7144515e-17, 0.04136657, 1.9984014e-14)
bones/28/handle_offset = Vector2(0, 0)
bones/28/group = &""
bones/28/require = false
bones/29/bone_name = &"mixamorig_LeftHandPinky3"
bones/29/bone_parent = &"mixamorig_LeftHandPinky2"
bones/29/tail_direction = 0
bones/29/reference_pose = Transform3D(0.9999999, -0.00045961863, 3.3636343e-09, 0.00045961863, 0.9999999, -7.3183146e-06, -2.220446e-16, 7.3183155e-06, 1, 4.385381e-15, 0.025948344, -8.21565e-15)
bones/29/handle_offset = Vector2(0, 0)
bones/29/group = &""
bones/29/require = false
bones/30/bone_name = &"mixamorig_LeftHandPinky4"
bones/30/bone_parent = &"mixamorig_LeftHandPinky3"
bones/30/tail_direction = 0
bones/30/reference_pose = Transform3D(0.9999657, 0.0011501104, 0.00819972, -0.0011501276, 0.99999934, -2.6158593e-06, -0.008199718, -6.8149557e-06, 0.9999664, -2.9698392e-15, 0.029238664, -2.4052602e-17)
bones/30/handle_offset = Vector2(0, 0)
bones/30/group = &""
bones/30/require = false
bones/31/bone_name = &"mixamorig_RightShoulder"
bones/31/bone_parent = &"mixamorig_Spine2"
bones/31/tail_direction = 0
bones/31/reference_pose = Transform3D(-0.20122766, -0.97931904, 0.02101636, -0.009769559, -0.019447684, -0.9997632, 0.97949576, -0.20138532, -0.0056540966, -0.061056957, 0.091063835, 0.007570756)
bones/31/handle_offset = Vector2(0, 0)
bones/31/group = &""
bones/31/require = false
bones/32/bone_name = &"mixamorig_RightArm"
bones/32/bone_parent = &"mixamorig_RightShoulder"
bones/32/tail_direction = 0
bones/32/reference_pose = Transform3D(0.97953534, 0.2012278, 0.004230221, -0.20127226, 0.979319, 0.020587364, 1.46683306e-08, -0.021017475, 0.9997791, 2.7755576e-17, 0.12922287, -1.110223e-15)
bones/32/handle_offset = Vector2(0, 0)
bones/32/group = &""
bones/32/require = false
bones/33/bone_name = &"mixamorig_RightForeArm"
bones/33/bone_parent = &"mixamorig_RightArm"
bones/33/tail_direction = 0
bones/33/reference_pose = Transform3D(1, 5.293956e-23, -3.59e-43, -5.293956e-23, 1, -1.3552527e-20, -3.59e-43, 1.3552527e-20, 1, 4.1642474e-11, 0.2740468, 0)
bones/33/handle_offset = Vector2(0, 0)
bones/33/group = &""
bones/33/require = false
bones/34/bone_name = &"mixamorig_RightHand"
bones/34/bone_parent = &"mixamorig_RightForeArm"
bones/34/tail_direction = 0
bones/34/reference_pose = Transform3D(1, 5.293956e-23, -1.8e-43, -5.293956e-23, 1, -6.7762636e-21, -1.8e-43, 6.7762636e-21, 1, 1.2838647e-07, 0.27614462, 1.54924e-07)
bones/34/handle_offset = Vector2(0, 0)
bones/34/group = &""
bones/34/require = false
bones/35/bone_name = &"mixamorig_RightHandThumb1"
bones/35/bone_parent = &"mixamorig_RightHand"
bones/35/tail_direction = 0
bones/35/reference_pose = Transform3D(0.89442796, 0.4472121, 3.501773e-07, -0.3872971, 0.77459776, -0.49999928, -0.22360599, 0.44721317, 0.8660258, 0.030029746, 0.037888087, 0.02167149)
bones/35/handle_offset = Vector2(0, 0)
bones/35/group = &""
bones/35/require = false
bones/36/bone_name = &"mixamorig_RightHandThumb2"
bones/36/bone_parent = &"mixamorig_RightHandThumb1"
bones/36/tail_direction = 0
bones/36/reference_pose = Transform3D(1, 7.896043e-07, -1.33503555e-11, -7.896043e-07, 1, -1.6907665e-05, -9.107298e-18, 1.6907665e-05, 1, -1.2143064e-17, 0.047449704, -8.881784e-16)
bones/36/handle_offset = Vector2(0, 0)
bones/36/group = &""
bones/36/require = false
bones/37/bone_name = &"mixamorig_RightHandThumb3"
bones/37/bone_parent = &"mixamorig_RightHandThumb2"
bones/37/tail_direction = 0
bones/37/reference_pose = Transform3D(1, 1.2269118e-32, -1.1034129e-16, 1.2269118e-32, 1, 2.223849e-16, 1.1034129e-16, -2.223849e-16, 1, -1.9498292e-15, 0.043821353, -4.0634163e-14)
bones/37/handle_offset = Vector2(0, 0)
bones/37/group = &""
bones/37/require = false
bones/38/bone_name = &"mixamorig_RightHandThumb4"
bones/38/bone_parent = &"mixamorig_RightHandThumb3"
bones/38/tail_direction = 0
bones/38/reference_pose = Transform3D(0.9572132, 0.14074609, -0.2528505, -0.14544079, 0.98936695, 0.00012530759, 0.25017956, 0.03665483, 0.96750534, 1.11775336e-07, 0.03459071, -2.3241859e-07)
bones/38/handle_offset = Vector2(0, 0)
bones/38/group = &""
bones/38/require = false
bones/39/bone_name = &"mixamorig_RightHandIndex1"
bones/39/bone_parent = &"mixamorig_RightHand"
bones/39/tail_direction = 0
bones/39/reference_pose = Transform3D(1, 9.487697e-06, 1.4503765e-08, -9.487697e-06, 1, -1.1135713e-06, -1.4514331e-08, 1.1135711e-06, 1, 0.028220424, 0.12266617, 0.0023182519)
bones/39/handle_offset = Vector2(0, 0)
bones/39/group = &""
bones/39/require = false
bones/40/bone_name = &"mixamorig_RightHandIndex2"
bones/40/bone_parent = &"mixamorig_RightHandIndex1"
bones/40/tail_direction = 0
bones/40/reference_pose = Transform3D(1, -8.298291e-06, -1.4608185e-08, 8.298291e-06, 1, -1.3445288e-11, 1.4608185e-08, 1.3324066e-11, 1, -6.938894e-18, 0.038919676, 5.1691984e-13)
bones/40/handle_offset = Vector2(0, 0)
bones/40/group = &""
bones/40/require = false
bones/41/bone_name = &"mixamorig_RightHandIndex3"
bones/41/bone_parent = &"mixamorig_RightHandIndex2"
bones/41/tail_direction = 0
bones/41/reference_pose = Transform3D(1, -1.0587912e-22, 1.2924697e-26, 1.0587912e-22, 1, 2.464739e-32, -1.2924697e-26, -2.464739e-32, 1, -1.2821384e-07, 0.03415161, 1.3322676e-15)
bones/41/handle_offset = Vector2(0, 0)
bones/41/group = &""
bones/41/require = false
bones/42/bone_name = &"mixamorig_RightHandIndex4"
bones/42/bone_parent = &"mixamorig_RightHandIndex3"
bones/42/tail_direction = 0
bones/42/reference_pose = Transform3D(0.9999062, -0.0027480237, -0.013418502, 0.0027499804, 0.9999962, 0.00012735989, 0.013418102, -0.00016424856, 0.99990994, -1.2771572e-08, 0.030779876, 7.899497e-18)
bones/42/handle_offset = Vector2(0, 0)
bones/42/group = &""
bones/42/require = false
bones/43/bone_name = &"mixamorig_RightHandMiddle1"
bones/43/bone_parent = &"mixamorig_RightHand"
bones/43/tail_direction = 0
bones/43/reference_pose = Transform3D(1, 7.3242705e-07, -6.4300544e-11, -7.3242705e-07, 1, -1.11359e-06, 6.348492e-11, 1.11359e-06, 1, 1.6630214e-07, 0.12775528, -1.0320896e-08)
bones/43/handle_offset = Vector2(0, 0)
bones/43/group = &""
bones/43/require = false
bones/44/bone_name = &"mixamorig_RightHandMiddle2"
bones/44/bone_parent = &"mixamorig_RightHandMiddle1"
bones/44/tail_direction = 0
bones/44/reference_pose = Transform3D(1, 0, 0, 0, 1, 6.7762636e-21, 0, -6.7762636e-21, 1, -2.657763e-12, 0.03613968, 0)
bones/44/handle_offset = Vector2(0, 0)
bones/44/group = &""
bones/44/require = false
bones/45/bone_name = &"mixamorig_RightHandMiddle3"
bones/45/bone_parent = &"mixamorig_RightHandMiddle2"
bones/45/tail_direction = 0
bones/45/reference_pose = Transform3D(1, -1.0587912e-22, -5.381e-42, 1.0587912e-22, 1, -6.7762636e-21, 6.098e-42, 6.7762636e-21, 1, -2.9421733e-07, 0.034597624, 5.9952043e-15)
bones/45/handle_offset = Vector2(0, 0)
bones/45/group = &""
bones/45/require = false
bones/46/bone_name = &"mixamorig_RightHandMiddle4"
bones/46/bone_parent = &"mixamorig_RightHandMiddle3"
bones/46/tail_direction = 0
bones/46/reference_pose = Transform3D(0.9999045, 0.0034172982, -0.013389897, -0.0034159166, 0.99999416, 0.00012603542, 0.013390249, -8.028461e-05, 0.99991035, 2.8549067e-07, 0.036801912, -3.7050767e-16)
bones/46/handle_offset = Vector2(0, 0)
bones/46/group = &""
bones/46/require = false
bones/47/bone_name = &"mixamorig_RightHandRing1"
bones/47/bone_parent = &"mixamorig_RightHand"
bones/47/tail_direction = 0
bones/47/reference_pose = Transform3D(1, 9.607151e-06, 1.4503632e-08, -9.607151e-06, 1, -1.1135779e-06, -1.4514331e-08, 1.1135777e-06, 1, -0.022166323, 0.12147003, -9.996238e-05)
bones/47/handle_offset = Vector2(0, 0)
bones/47/group = &""
bones/47/require = false
bones/48/bone_name = &"mixamorig_RightHandRing2"
bones/48/bone_parent = &"mixamorig_RightHandRing1"
bones/48/tail_direction = 0
bones/48/reference_pose = Transform3D(1, -1.6142167e-05, 3.7381682e-16, 1.6142167e-05, 1, -3.6270837e-11, 2.1167307e-16, 3.6270837e-11, 1, -2.7755576e-17, 0.036011964, 4.718448e-13)
bones/48/handle_offset = Vector2(0, 0)
bones/48/group = &""
bones/48/require = false
bones/49/bone_name = &"mixamorig_RightHandRing3"
bones/49/bone_parent = &"mixamorig_RightHandRing2"
bones/49/tail_direction = 0
bones/49/reference_pose = Transform3D(1, 3.761582e-37, -8.271806e-25, -3.761582e-37, 1, 6.310887e-30, 8.271806e-25, -6.310887e-30, 1, -6.054879e-14, 0.03307312, -7.660539e-13)
bones/49/handle_offset = Vector2(0, 0)
bones/49/group = &""
bones/49/require = false
bones/50/bone_name = &"mixamorig_RightHandRing4"
bones/50/bone_parent = &"mixamorig_RightHandRing3"
bones/50/tail_direction = 0
bones/50/reference_pose = Transform3D(0.9998839, 0.00060137105, -0.015225964, -0.00059949374, 0.9999998, 0.00012785757, 0.015226038, -0.00011871485, 0.99988407, 2.4172624e-07, 0.036601182, -4.2633053e-16)
bones/50/handle_offset = Vector2(0, 0)
bones/50/group = &""
bones/50/require = false
bones/51/bone_name = &"mixamorig_RightHandPinky1"
bones/51/bone_parent = &"mixamorig_RightHand"
bones/51/tail_direction = 0
bones/51/reference_pose = Transform3D(1, 6.2639483e-06, 1.4507355e-08, -6.2639483e-06, 1, -1.1135705e-06, -1.4514331e-08, 1.1135705e-06, 1, -0.047258332, 0.10908195, 0.0022613215)
bones/51/handle_offset = Vector2(0, 0)
bones/51/group = &""
bones/51/require = false
bones/52/bone_name = &"mixamorig_RightHandPinky2"
bones/52/bone_parent = &"mixamorig_RightHandPinky1"
bones/52/tail_direction = 0
bones/52/reference_pose = Transform3D(1, -2.078875e-05, 2.0388173e-16, 2.078875e-05, 1, -2.9188967e-11, 4.029204e-16, 2.9188967e-11, 1, -1.3877788e-17, 0.041366503, 8.0269125e-13)
bones/52/handle_offset = Vector2(0, 0)
bones/52/group = &""
bones/52/require = false
bones/53/bone_name = &"mixamorig_RightHandPinky3"
bones/53/bone_parent = &"mixamorig_RightHandPinky2"
bones/53/tail_direction = 0
bones/53/reference_pose = Transform3D(1, 2.085693e-05, 4.0019864e-16, -2.085693e-05, 1, 2.9000568e-11, 2.046642e-16, -2.9000568e-11, 1, -3.9496184e-14, 0.02594841, -2.533529e-13)
bones/53/handle_offset = Vector2(0, 0)
bones/53/group = &""
bones/53/require = false
bones/54/bone_name = &"mixamorig_RightHandPinky4"
bones/54/bone_parent = &"mixamorig_RightHandPinky3"
bones/54/tail_direction = 0
bones/54/reference_pose = Transform3D(0.9998458, -0.0044106455, -0.016997388, 0.004413442, 0.9999902, 0.00012702824, 0.016996661, -0.00020202564, 0.9998555, 4.3620252e-14, 0.029238664, 9.807259e-16)
bones/54/handle_offset = Vector2(0, 0)
bones/54/group = &""
bones/54/require = false
bones/55/bone_name = &"mixamorig_LeftUpLeg"
bones/55/bone_parent = &"mixamorig_Hips"
bones/55/tail_direction = 0
bones/55/reference_pose = Transform3D(-0.9999825, 0.005938882, 7.8217985e-05, -0.005939396, -0.9999018, -0.0126999235, 2.78695e-06, -0.012700164, 0.99991935, 0.09123874, -0.066571884, -0.00055403105)
bones/55/handle_offset = Vector2(0, 0)
bones/55/group = &""
bones/55/require = false
bones/56/bone_name = &"mixamorig_LeftLeg"
bones/56/bone_parent = &"mixamorig_LeftUpLeg"
bones/56/tail_direction = 0
bones/56/reference_pose = Transform3D(0.99992985, 0.011831531, 0.00057939976, -0.011844754, 0.99927366, 0.03621988, -0.00015044225, -0.0362242, 0.9993437, -5.689893e-16, 0.40599436, 1.1657342e-15)
bones/56/handle_offset = Vector2(0, 0)
bones/56/group = &""
bones/56/require = false
bones/57/bone_name = &"mixamorig_LeftFoot"
bones/57/bone_parent = &"mixamorig_LeftLeg"
bones/57/tail_direction = 0
bones/57/reference_pose = Transform3D(0.9983421, -0.026427034, 0.05113377, 0.05749021, 0.41436666, -0.9082925, 0.0028153434, 0.9097263, 0.41519898, -5.551115e-17, 0.42099026, 2.220446e-16)
bones/57/handle_offset = Vector2(0, 0)
bones/57/group = &""
bones/57/require = false
bones/58/bone_name = &"mixamorig_LeftToeBase"
bones/58/bone_parent = &"mixamorig_LeftFoot"
bones/58/tail_direction = 0
bones/58/reference_pose = Transform3D(0.9974125, 0.015093791, -0.070288494, -0.04471331, 0.89584047, -0.4421206, 0.056293998, 0.44411945, 0.89419734, -6.938894e-17, 0.1572156, -1.6653345e-16)
bones/58/handle_offset = Vector2(0, 0)
bones/58/group = &""
bones/58/require = false
bones/59/bone_name = &"mixamorig_LeftToe_End"
bones/59/bone_parent = &"mixamorig_LeftToeBase"
bones/59/tail_direction = 0
bones/59/reference_pose = Transform3D(1, -8.2907155e-27, -1.0787812e-17, -3.85186e-34, 1, -7.6852613e-10, 1.0787812e-17, 7.6852613e-10, 1, 1.7763568e-17, 0.1, 4.8907475e-11)
bones/59/handle_offset = Vector2(0, 0)
bones/59/group = &""
bones/59/require = false
bones/60/bone_name = &"mixamorig_RightUpLeg"
bones/60/bone_parent = &"mixamorig_Hips"
bones/60/tail_direction = 0
bones/60/reference_pose = Transform3D(-0.9999813, -0.0061145304, -7.46743e-05, 0.006114986, -0.99990106, -0.01266718, 2.7869428e-06, -0.0126674, 0.9999198, -0.09125032, -0.066556014, -0.00055352744)
bones/60/handle_offset = Vector2(0, 0)
bones/60/group = &""
bones/60/require = false
bones/61/bone_name = &"mixamorig_RightLeg"
bones/61/bone_parent = &"mixamorig_RightUpLeg"
bones/61/tail_direction = 0
bones/61/reference_pose = Transform3D(0.99992985, -0.011831518, -0.0005797882, 0.011844765, 0.9992713, 0.036285374, 0.00015005462, -0.036289696, 0.9993413, 9.7144515e-17, 0.4059944, 2.6714742e-16)
bones/61/handle_offset = Vector2(0, 0)
bones/61/group = &""
bones/61/require = false
bones/62/bone_name = &"mixamorig_RightFoot"
bones/62/bone_parent = &"mixamorig_RightLeg"
bones/62/tail_direction = 0
bones/62/reference_pose = Transform3D(0.9983421, 0.026426982, -0.051133674, -0.05749001, 0.41433686, -0.908306, -0.002817221, 0.90973985, 0.41516924, -2.9143354e-16, 0.42099023, -6.2450045e-16)
bones/62/handle_offset = Vector2(0, 0)
bones/62/group = &""
bones/62/require = false
bones/63/bone_name = &"mixamorig_RightToeBase"
bones/63/bone_parent = &"mixamorig_RightFoot"
bones/63/tail_direction = 0
bones/63/reference_pose = Transform3D(0.99747103, -0.015066486, 0.06945859, 0.044322137, 0.8958319, -0.4421773, -0.05556116, 0.44413763, 0.8942342, 1.3877788e-17, 0.1572156, 1.3877788e-17)
bones/63/handle_offset = Vector2(0, 0)
bones/63/group = &""
bones/63/require = false
bones/64/bone_name = &"mixamorig_RightToe_End"
bones/64/bone_parent = &"mixamorig_RightToeBase"
bones/64/tail_direction = 0
bones/64/reference_pose = Transform3D(1, 3.4694467e-18, -3.320369e-16, -3.4694467e-18, 1, 6.219926e-10, 3.320369e-16, -6.219926e-10, 1, 3.1880578e-11, 0.1, 5.687534e-11)
bones/64/handle_offset = Vector2(0, 0)
bones/64/group = &""
bones/64/require = false
